[gd_scene format=2]

[node name="Character" type="Spatial" index="0"]

[node name="Skeleton" type="Skeleton" parent="." index="0"]

bones/0/name = "b1_pelvis"
bones/0/parent = -1
bones/0/rest = Transform( -1.3113e-06, 1, -2.75771e-06, 1, 1.37091e-06, 1.13687e-13, 3.75167e-12, -2.75771e-06, -1, 0, 0.796603, -2.21608e-10 )
bones/0/enabled = true
bones/0/bound_children = [  ]
bones/1/name = "b1_belly"
bones/1/parent = 0
bones/1/rest = Transform( 0.997091, -1.12677e-06, -0.0762257, 1.43997e-06, 1, 4.05385e-06, 0.0762257, -4.15181e-06, 0.997091, 0.168669, 1.86608e-07, -0.0350603 )
bones/1/enabled = true
bones/1/bound_children = [  ]
bones/2/name = "b1_chest"
bones/2/parent = 1
bones/2/rest = Transform( 0.998197, 1.26534e-07, -0.060027, -1.26443e-07, 1, 5.31765e-09, 0.060027, 2.28194e-09, 0.998197, 0.111496, 7.98574e-10, 0.000134903 )
bones/2/enabled = true
bones/2/bound_children = [  ]
bones/3/name = "b1_neck"
bones/3/parent = 2
bones/3/rest = Transform( 0.982318, -4.66713e-07, 0.18722, 4.66921e-07, 1, 4.29862e-08, -0.18722, 4.51907e-08, 0.982318, 0.20951, -3.14683e-08, 0.0173896 )
bones/3/enabled = true
bones/3/bound_children = [  ]
bones/4/name = "b1_head"
bones/4/parent = 3
bones/4/rest = Transform( 0.99871, -2.04258e-07, 0.0507737, 2.04477e-07, 1, 8.90607e-10, -0.0507737, 9.49257e-09, 0.99871, 0.0753497, 1.76503e-09, -5.75757e-09 )
bones/4/enabled = true
bones/4/bound_children = [  ]
bones/5/name = "b1_lclavicle"
bones/5/parent = 3
bones/5/rest = Transform( -0.108235, 0.976598, 0.185853, 0.985284, 0.0805029, 0.150782, 0.132292, 0.199437, -0.97094, -0.0358277, 0.0359674, -0.0245309 )
bones/5/enabled = true
bones/5/bound_children = [  ]
bones/6/name = "b1_lupperarm"
bones/6/parent = 5
bones/6/rest = Transform( 0.768731, 0.62936, -0.113837, -0.639268, 0.750612, -0.167088, -0.0197111, 0.201218, 0.979348, 0.122249, -3.25305e-10, -4.48901e-09 )
bones/6/enabled = true
bones/6/bound_children = [  ]
bones/7/name = "b1_lforearm"
bones/7/parent = 6
bones/7/rest = Transform( 0.994924, 1.69606e-08, -0.100627, -1.69969e-08, 1, 4.96459e-10, 0.100627, 1.21641e-09, 0.994924, 0.199216, -1.18285e-08, 2.19017e-09 )
bones/7/enabled = true
bones/7/bound_children = [  ]
bones/8/name = "b1_lhand"
bones/8/parent = 7
bones/8/rest = Transform( 0.987812, 0.0758941, -0.135893, 0.133381, 0.0372661, 0.990364, 0.080227, -0.996419, 0.026689, 0.20742, 1.76919e-08, -1.63475e-09 )
bones/8/enabled = true
bones/8/bound_children = [  ]
bones/9/name = "b1_rclavicle"
bones/9/parent = 3
bones/9/rest = Transform( -0.108235, -0.976598, 0.185853, -0.985285, 0.0805041, -0.150777, 0.132287, -0.199437, -0.97094, -0.0358277, -0.0359673, -0.0245311 )
bones/9/enabled = true
bones/9/bound_children = [  ]
bones/10/name = "b1_rupperarm"
bones/10/parent = 9
bones/10/rest = Transform( 0.768731, -0.62936, -0.113837, 0.639268, 0.750611, 0.167088, -0.019711, -0.201218, 0.979348, 0.122249, -1.23811e-09, -8.04638e-09 )
bones/10/enabled = true
bones/10/bound_children = [  ]
bones/11/name = "b1_rforearm"
bones/11/parent = 10
bones/11/rest = Transform( 0.994924, 1.49958e-07, -0.100627, -1.49907e-07, 1, 8.07253e-09, 0.100627, 7.05309e-09, 0.994924, 0.199216, 8.37315e-09, 1.26435e-09 )
bones/11/enabled = true
bones/11/bound_children = [  ]
bones/12/name = "b1_rhand"
bones/12/parent = 11
bones/12/rest = Transform( 0.987812, -0.0758942, -0.135893, -0.133381, 0.037266, -0.990364, 0.080227, 0.996419, 0.0266889, 0.20742, -2.98038e-08, 1.96497e-09 )
bones/12/enabled = true
bones/12/bound_children = [  ]
bones/13/name = "b1_lthigh"
bones/13/parent = 0
bones/13/rest = Transform( -0.985384, -0.158077, 0.0634766, 0.141274, -0.966568, -0.213983, 0.0951802, -0.201887, 0.974773, -1.30489e-07, 0.0967514, -1.68996e-07 )
bones/13/enabled = true
bones/13/bound_children = [  ]
bones/14/name = "b1_lcalf"
bones/14/parent = 13
bones/14/rest = Transform( 0.999982, 1.00658e-08, -0.00599023, -1.0156e-08, 1, -1.50263e-08, 0.00599023, 1.50869e-08, 0.999982, 0.299076, 1.35308e-09, 5.27866e-10 )
bones/14/enabled = true
bones/14/bound_children = [  ]
bones/15/name = "b1_lfoot"
bones/15/parent = 14
bones/15/rest = Transform( 0.984986, -0.170095, 0.0294932, 0.158079, 0.957343, 0.241881, -0.0693778, -0.233587, 0.969858, 0.330393, -2.06298e-10, 2.87603e-09 )
bones/15/enabled = true
bones/15/bound_children = [  ]
bones/16/name = "b1_ltoe0"
bones/16/parent = 15
bones/16/rest = Transform( 0, 1.83339e-08, 1, -5.42282e-08, 1, -1.83339e-08, -1, -5.42282e-08, 0, 0.110255, 2.71787e-09, -0.152683 )
bones/16/enabled = true
bones/16/bound_children = [  ]
bones/17/name = "b1_rthigh"
bones/17/parent = 0
bones/17/rest = Transform( -0.985384, 0.15808, 0.063476, -0.141277, -0.966567, 0.213985, 0.0951806, 0.20189, 0.974772, 1.30489e-07, -0.0967514, 9.93543e-08 )
bones/17/enabled = true
bones/17/bound_children = [  ]
bones/18/name = "b1_rcalf"
bones/18/parent = 17
bones/18/rest = Transform( 0.999982, -1.2817e-08, -0.00599023, 1.28529e-08, 1, 5.95804e-09, 0.00599023, -6.03493e-09, 0.999982, 0.299076, 2.16e-08, -8.0482e-10 )
bones/18/enabled = true
bones/18/bound_children = [  ]
bones/19/name = "b1_rfoot"
bones/19/parent = 18
bones/19/rest = Transform( 0.984986, 0.170095, 0.0294933, -0.158079, 0.957343, -0.241881, -0.0693778, 0.233587, 0.969858, 0.330393, 7.077e-09, -3.9096e-09 )
bones/19/enabled = true
bones/19/bound_children = [  ]
bones/20/name = "b1_rtoe0"
bones/20/parent = 19
bones/20/rest = Transform( 3.57628e-07, -8.42196e-08, 1, 4.46682e-09, 1, 8.42196e-08, -1, 4.46679e-09, 3.57628e-07, 0.110255, -3.14805e-09, -0.152683 )
bones/20/enabled = true
bones/20/bound_children = [  ]


